v2-AC comparison (seed 2024, 10000 test eps)
Agent            |     Mean |      Std |   CVaR90 |   CVaR95 |      Max | cap-frac
----------------------------------------------------------------------------------
TWAP             |   1.6054 |   0.4070 |   2.3220 |   2.4501 |   3.1960 |    0.000
AC               |   1.6054 |   0.4070 |   2.3219 |   2.4500 |   3.1959 |    0.000
MaxSpeed         |   3.0208 |   0.1526 |   3.2900 |   3.3384 |   3.6469 |    1.000
DQN              |   1.7584 |   0.3155 |   2.3128 |   2.4131 |   2.9927 |    0.000
DDQN             |   1.7623 |   0.3292 |   2.3385 |   2.4424 |   3.0725 |    0.000
IQN-neutral      |   1.6762 |   0.3469 |   2.2905 |   2.3981 |   3.0748 |    0.000
IQN-CVaR_0.30    |   1.7000 |   0.3324 |   2.2826 |   2.3866 |   3.0833 |    0.000
IQN-CVaR_0.50    |   1.6809 |   0.3449 |   2.2878 |   2.3976 |   3.1551 |    0.000
IQN-CVaR_0.70    |   1.6786 |   0.3463 |   2.2785 |   2.3781 |   2.8663 |    0.000
IQN-CVaR_0.90    |   1.6716 |   0.3440 |   2.2701 |   2.3737 |   2.8818 |    0.000
IQN-CVaR_0.95    |   1.6735 |   0.3471 |   2.2813 |   2.3860 |   3.0221 |    0.000
