v2-Regime comparison (seed 42, cell σ_high=0.002 p01=0.05, 10000 eps)
Agent            |     Mean |      Std |   CVaR90 |   CVaR95 |      Max | cap-frac
----------------------------------------------------------------------------------
TWAP             |   1.5987 |   2.7614 |   4.8643 |   7.5191 |  38.9891 |    0.000
AC               |   1.5987 |   2.7611 |   4.8639 |   7.5183 |  38.9873 |    0.000
MaxSpeed         |   3.0148 |   1.1047 |   3.7015 |   4.2278 |  32.1366 |    1.000
DQN              |   2.4325 |   1.3876 |   3.6008 |   4.5366 |  29.0308 |    0.000
DDQN             |   2.4375 |   1.4328 |   3.6994 |   4.6616 |  41.2263 |    0.000
IQN-neutral      |   2.7562 |   1.3327 |   3.6545 |   4.3801 |  41.9450 |    0.000
IQN-CVaR_0.30    |   2.7562 |   1.3375 |   3.6594 |   4.3901 |  41.9450 |    0.000
IQN-CVaR_0.50    |   2.7562 |   1.3327 |   3.6545 |   4.3801 |  41.9450 |    0.000
IQN-CVaR_0.70    |   2.7562 |   1.3327 |   3.6545 |   4.3801 |  41.9450 |    0.000
IQN-CVaR_0.90    |   2.7562 |   1.3327 |   3.6545 |   4.3801 |  41.9450 |    0.000
IQN-CVaR_0.95    |   2.7562 |   1.3327 |   3.6545 |   4.3801 |  41.9450 |    0.000
