v2-Regime comparison (seed 31, cell σ_high=0.002 p01=0.05, 10000 eps)
Agent            |     Mean |      Std |   CVaR90 |   CVaR95 |      Max | cap-frac
----------------------------------------------------------------------------------
TWAP             |   1.6212 |   4.1812 |   7.8725 |  12.8478 |  51.7960 |    0.000
AC               |   1.6212 |   4.1808 |   7.8717 |  12.8464 |  51.7913 |    0.000
MaxSpeed         |   3.0152 |   1.5852 |   4.1766 |   5.1714 |  37.9173 |    1.000
DQN              |   2.4242 |   1.9024 |   4.5537 |   6.3641 |  50.1761 |    0.000
DDQN             |   3.0149 |   1.5689 |   4.1631 |   5.1453 |  37.9173 |    0.999
IQN-neutral      |   2.7234 |   1.6503 |   4.0600 |   5.2112 |  39.5279 |    0.000
IQN-CVaR_0.30    |   2.6716 |   1.9962 |   4.4756 |   6.0541 |  30.8867 |    0.000
IQN-CVaR_0.50    |   2.6707 |   1.6941 |   4.0061 |   5.1243 |  29.4428 |    0.000
IQN-CVaR_0.70    |   2.6965 |   1.5509 |   3.8476 |   4.7983 |  36.2194 |    0.000
IQN-CVaR_0.90    |   2.7235 |   1.7274 |   4.0685 |   5.2321 |  41.9000 |    0.000
IQN-CVaR_0.95    |   2.7425 |   1.6570 |   4.1485 |   5.3877 |  39.5279 |    0.000
