v2-AC comparison (seed 42, 10000 test eps)
Agent            |     Mean |      Std |   CVaR90 |   CVaR95 |      Max | cap-frac
----------------------------------------------------------------------------------
TWAP             |   1.6074 |   0.4018 |   2.3128 |   2.4394 |   3.2250 |    0.000
AC               |   1.6074 |   0.4018 |   2.3127 |   2.4393 |   3.2248 |    0.000
MaxSpeed         |   3.0180 |   0.1543 |   3.2867 |   3.3313 |   3.5815 |    1.000
DQN              |   1.8218 |   0.3012 |   2.3545 |   2.4487 |   2.8894 |    0.000
DDQN             |   1.7692 |   0.3264 |   2.3399 |   2.4354 |   2.9957 |    0.000
IQN-neutral      |   1.7761 |   0.3277 |   2.3465 |   2.4473 |   2.9698 |    0.000
IQN-CVaR_0.30    |   1.7674 |   0.3268 |   2.3424 |   2.4410 |   2.9860 |    0.000
IQN-CVaR_0.50    |   1.7749 |   0.3247 |   2.3411 |   2.4402 |   2.9778 |    0.000
IQN-CVaR_0.70    |   1.7769 |   0.3277 |   2.3485 |   2.4499 |   2.8726 |    0.000
IQN-CVaR_0.90    |   1.7761 |   0.3277 |   2.3465 |   2.4473 |   2.9698 |    0.000
IQN-CVaR_0.95    |   1.7761 |   0.3277 |   2.3465 |   2.4473 |   2.9698 |    0.000
