v2-AC comparison (seed 7, 10000 test eps)
Agent            |     Mean |      Std |   CVaR90 |   CVaR95 |      Max | cap-frac
----------------------------------------------------------------------------------
TWAP             |   1.6036 |   0.4133 |   2.3425 |   2.4785 |   3.1234 |    0.000
AC               |   1.6036 |   0.4133 |   2.3424 |   2.4784 |   3.1233 |    0.000
MaxSpeed         |   3.0198 |   0.1534 |   3.2907 |   3.3409 |   3.7172 |    1.000
DQN              |   1.7798 |   0.3324 |   2.3605 |   2.4634 |   3.0738 |    0.001
DDQN             |   2.0823 |   0.2457 |   2.5169 |   2.5913 |   2.9794 |    0.000
IQN-neutral      |   1.7899 |   0.3245 |   2.3630 |   2.4624 |   3.0461 |    0.000
IQN-CVaR_0.30    |   1.8810 |   0.3090 |   2.4203 |   2.5126 |   3.0904 |    0.000
IQN-CVaR_0.50    |   1.8538 |   0.3147 |   2.4091 |   2.5042 |   3.0521 |    0.000
IQN-CVaR_0.70    |   1.8124 |   0.3197 |   2.3658 |   2.4610 |   3.0334 |    0.000
IQN-CVaR_0.90    |   1.8072 |   0.3170 |   2.3644 |   2.4628 |   3.0628 |    0.000
IQN-CVaR_0.95    |   1.8106 |   0.3191 |   2.3798 |   2.4780 |   3.1487 |    0.000
