v2-Regime comparison (seed 123, cell σ_high=0.002 p01=0.05, 10000 eps)
Agent            |     Mean |      Std |   CVaR90 |   CVaR95 |      Max | cap-frac
----------------------------------------------------------------------------------
TWAP             |   1.7512 |   8.6125 |  14.5876 |  24.7878 |  92.8657 |    0.000
AC               |   1.7512 |   8.6115 |  14.5859 |  24.7849 |  92.8600 |    0.000
MaxSpeed         |   3.0141 |   3.5146 |   5.5022 |   7.8267 |  70.7391 |    1.000
DQN              |   2.0460 |   4.9378 |   6.8160 |  11.1460 |  78.6752 |    0.000
DDQN             |   2.7357 |   3.8531 |   5.7448 |   8.5794 |  89.7968 |    0.001
IQN-neutral      |   2.7123 |   3.3784 |   5.0343 |   7.1343 |  57.6126 |    0.000
IQN-CVaR_0.30    |   2.6780 |   3.1446 |   4.8404 |   6.7730 |  55.3608 |    0.000
IQN-CVaR_0.50    |   2.6956 |   3.1634 |   4.9371 |   6.9621 |  56.7452 |    0.000
IQN-CVaR_0.70    |   2.7131 |   3.2998 |   5.0825 |   7.2536 |  64.3130 |    0.000
IQN-CVaR_0.90    |   2.7848 |   3.0636 |   5.2378 |   7.5501 |  55.9281 |    0.000
IQN-CVaR_0.95    |   2.6886 |   3.5647 |   5.0513 |   7.1804 |  57.6126 |    0.000
