v2-Regime comparison (seed 7, cell σ_high=0.002 p01=0.05, 10000 eps)
Agent            |     Mean |      Std |   CVaR90 |   CVaR95 |      Max | cap-frac
----------------------------------------------------------------------------------
TWAP             |   1.5995 |   2.9680 |   5.0942 |   7.9531 |  52.6163 |    0.000
AC               |   1.5995 |   2.9677 |   5.0937 |   7.9523 |  52.6096 |    0.000
MaxSpeed         |   3.0311 |   1.1813 |   3.8323 |   4.4869 |  30.6366 |    1.000
DQN              |   2.1126 |   1.6908 |   3.7501 |   5.0575 |  34.8771 |    0.000
DDQN             |   2.6266 |   1.3224 |   3.5555 |   4.1773 |  30.4372 |    0.339
IQN-neutral      |   2.4504 |   1.3779 |   3.4855 |   4.3174 |  38.1855 |    0.000
IQN-CVaR_0.30    |   2.4348 |   1.4656 |   3.4731 |   4.2912 |  50.3456 |    0.000
IQN-CVaR_0.50    |   2.4465 |   1.3559 |   3.4689 |   4.2847 |  33.4144 |    0.000
IQN-CVaR_0.70    |   2.4507 |   1.3775 |   3.4859 |   4.3183 |  38.1855 |    0.000
IQN-CVaR_0.90    |   2.4465 |   1.3559 |   3.4689 |   4.2847 |  33.4144 |    0.000
IQN-CVaR_0.95    |   2.4507 |   1.3775 |   3.4859 |   4.3183 |  38.1855 |    0.000
