v2-Regime comparison (seed 123, cell σ_high=0.002 p01=0.05, 10000 eps)
Agent            |     Mean |      Std |   CVaR90 |   CVaR95 |      Max | cap-frac
----------------------------------------------------------------------------------
TWAP             |   1.6449 |   2.1762 |   5.0020 |   7.3997 |  25.2337 |    0.000
AC               |   1.6449 |   2.1760 |   5.0016 |   7.3989 |  25.2322 |    0.000
MaxSpeed         |   3.0193 |   0.8867 |   3.7865 |   4.3958 |  20.1230 |    1.000
DQN              |   2.6646 |   0.9580 |   3.6866 |   4.4780 |  15.7189 |    0.000
DDQN             |   2.2399 |   1.0600 |   3.2971 |   4.0930 |  18.4615 |    0.000
IQN-neutral      |   2.3839 |   1.0235 |   3.3751 |   4.1133 |  20.0354 |    0.000
IQN-CVaR_0.30    |   2.3685 |   1.3879 |   3.8550 |   5.0073 |  25.1565 |    0.000
IQN-CVaR_0.50    |   2.4090 |   1.0202 |   3.4211 |   4.2017 |  20.0368 |    0.000
IQN-CVaR_0.70    |   2.4068 |   0.9839 |   3.3713 |   4.1108 |  20.0368 |    0.000
IQN-CVaR_0.90    |   2.4054 |   1.0175 |   3.4188 |   4.2010 |  20.0368 |    0.000
IQN-CVaR_0.95    |   2.3989 |   1.0430 |   3.4522 |   4.2654 |  21.5514 |    0.000
