v2-AC comparison (seed 123, 10000 test eps)
Agent            |     Mean |      Std |   CVaR90 |   CVaR95 |      Max | cap-frac
----------------------------------------------------------------------------------
TWAP             |   1.6066 |   0.4079 |   2.3192 |   2.4430 |   3.1501 |    0.000
AC               |   1.6066 |   0.4078 |   2.3191 |   2.4429 |   3.1499 |    0.000
MaxSpeed         |   3.0211 |   0.1520 |   3.2856 |   3.3335 |   3.5526 |    1.000
DQN              |   1.7103 |   0.3311 |   2.2912 |   2.3951 |   3.0056 |    0.000
DDQN             |   1.7996 |   0.3272 |   2.3671 |   2.4653 |   3.0351 |    0.000
IQN-neutral      |   1.7054 |   0.3689 |   2.3530 |   2.4706 |   3.2237 |    0.000
IQN-CVaR_0.30    |   1.6643 |   0.3565 |   2.2900 |   2.3996 |   3.1086 |    0.000
IQN-CVaR_0.50    |   1.6892 |   0.3421 |   2.2904 |   2.3962 |   3.0774 |    0.000
IQN-CVaR_0.70    |   1.7042 |   0.3400 |   2.3036 |   2.4064 |   2.9743 |    0.000
IQN-CVaR_0.90    |   1.7054 |   0.3538 |   2.3200 |   2.4277 |   3.2646 |    0.000
IQN-CVaR_0.95    |   1.7017 |   0.3602 |   2.3379 |   2.4473 |   3.0296 |    0.000
