v2-Regime comparison (seed 2024, cell σ_high=0.002 p01=0.05, 10000 eps)
Agent            |     Mean |      Std |   CVaR90 |   CVaR95 |      Max | cap-frac
----------------------------------------------------------------------------------
TWAP             |   1.6681 |   4.2400 |   8.2736 |  13.2752 |  67.0625 |    0.000
AC               |   1.6681 |   4.2396 |   8.2727 |  13.2738 |  67.0601 |    0.000
MaxSpeed         |   3.0319 |   1.4802 |   4.2699 |   5.3570 |  26.7174 |    1.000
DQN              |   2.7337 |   1.8484 |   4.4936 |   6.0239 |  59.6906 |    0.000
DDQN             |   2.4725 |   2.0275 |   4.5129 |   6.1707 |  33.5875 |    0.059
IQN-neutral      |   3.0389 |   1.4044 |   4.2429 |   5.3022 |  26.7174 |    0.999
IQN-CVaR_0.30    |   2.9579 |   1.4895 |   4.1982 |   5.2306 |  31.8645 |    0.812
IQN-CVaR_0.50    |   2.9813 |   1.4730 |   4.0542 |   4.9322 |  25.7213 |    0.971
IQN-CVaR_0.70    |   3.0243 |   1.3962 |   4.1800 |   5.1804 |  30.5655 |    0.995
IQN-CVaR_0.90    |   3.0317 |   1.4282 |   4.2266 |   5.2725 |  26.7174 |    0.998
IQN-CVaR_0.95    |   3.0396 |   1.4248 |   4.2821 |   5.3822 |  26.7174 |    0.999
