v2-Regime comparison (seed 42, cell σ_high=0.002 p01=0.05, 10000 eps)
Agent            |     Mean |      Std |   CVaR90 |   CVaR95 |      Max | cap-frac
----------------------------------------------------------------------------------
TWAP             |   1.5798 |   2.1131 |   4.6931 |   6.8782 |  27.7980 |    0.000
AC               |   1.5798 |   2.1129 |   4.6927 |   6.8775 |  27.7950 |    0.000
MaxSpeed         |   3.0140 |   0.7798 |   3.6910 |   4.2040 |  17.6535 |    1.000
DQN              |   2.5724 |   0.9651 |   3.5201 |   4.1968 |  20.5345 |    0.000
DDQN             |   2.8373 |   0.8683 |   3.6615 |   4.2498 |  17.7377 |    0.511
IQN-neutral      |   2.4036 |   1.0262 |   3.4545 |   4.2794 |  19.8613 |    0.000
IQN-CVaR_0.30    |   2.3951 |   1.0619 |   3.4616 |   4.2991 |  20.0011 |    0.000
IQN-CVaR_0.50    |   2.3916 |   1.0276 |   3.4164 |   4.2098 |  20.0011 |    0.000
IQN-CVaR_0.70    |   2.3916 |   1.0274 |   3.4163 |   4.2097 |  20.0011 |    0.000
IQN-CVaR_0.90    |   2.3953 |   1.0230 |   3.4340 |   4.2448 |  20.0011 |    0.000
IQN-CVaR_0.95    |   2.4019 |   1.0327 |   3.4952 |   4.3662 |  18.8400 |    0.000
