v2-Regime comparison (seed 7, cell σ_high=0.002 p01=0.05, 10000 eps)
Agent            |     Mean |      Std |   CVaR90 |   CVaR95 |      Max | cap-frac
----------------------------------------------------------------------------------
TWAP             |   1.6504 |   4.0281 |   7.7287 |  12.5450 |  51.3252 |    0.000
AC               |   1.6504 |   4.0277 |   7.7279 |  12.5437 |  51.3210 |    0.000
MaxSpeed         |   3.0000 |   1.6421 |   4.1643 |   5.1530 |  31.4321 |    1.000
DQN              |   3.0016 |   1.6390 |   4.1725 |   5.1688 |  31.4321 |    0.999
DDQN             |   2.6016 |   1.7162 |   4.1371 |   5.4196 |  38.5228 |    0.129
IQN-neutral      |   2.9965 |   1.6254 |   4.1722 |   5.1658 |  32.7865 |    0.981
IQN-CVaR_0.30    |   2.9810 |   1.6790 |   4.3026 |   5.4416 |  32.2974 |    0.864
IQN-CVaR_0.50    |   3.0015 |   1.6477 |   4.3164 |   5.4603 |  31.5050 |    0.897
IQN-CVaR_0.70    |   2.9974 |   1.7303 |   4.2665 |   5.3542 |  32.7865 |    0.950
IQN-CVaR_0.90    |   3.0352 |   1.5909 |   4.3321 |   5.4824 |  31.4321 |    0.976
IQN-CVaR_0.95    |   3.0013 |   1.5307 |   4.1634 |   5.1445 |  28.4253 |    0.980
