v2-Regime comparison (seed 42, cell σ_high=0.002 p01=0.05, 10000 eps)
Agent            |     Mean |      Std |   CVaR90 |   CVaR95 |      Max | cap-frac
----------------------------------------------------------------------------------
TWAP             |   1.5522 |   4.1916 |   7.5066 |  12.1038 |  54.1779 |    0.000
AC               |   1.5523 |   4.1912 |   7.5058 |  12.1025 |  54.1720 |    0.000
MaxSpeed         |   3.0083 |   1.5450 |   4.1652 |   5.1521 |  32.1366 |    1.000
DQN              |   2.0357 |   2.5412 |   4.9733 |   7.4813 |  44.3949 |    0.000
DDQN             |   2.8444 |   1.6161 |   4.4743 |   5.7822 |  29.6118 |    0.149
IQN-neutral      |   2.7433 |   1.6835 |   4.2133 |   5.4031 |  35.1661 |    0.291
IQN-CVaR_0.30    |   2.6570 |   1.8303 |   4.2739 |   5.6129 |  42.2275 |    0.165
IQN-CVaR_0.50    |   2.7552 |   1.8689 |   4.2298 |   5.4106 |  45.3602 |    0.320
IQN-CVaR_0.70    |   2.7797 |   1.8612 |   4.2973 |   5.5423 |  41.5750 |    0.342
IQN-CVaR_0.90    |   2.7588 |   1.8500 |   4.1979 |   5.3540 |  33.3094 |    0.313
IQN-CVaR_0.95    |   2.7747 |   1.7237 |   4.3458 |   5.6578 |  35.0246 |    0.300
