v2-Regime comparison (seed 123, cell σ_high=0.002 p01=0.05, 10000 eps)
Agent            |     Mean |      Std |   CVaR90 |   CVaR95 |      Max | cap-frac
----------------------------------------------------------------------------------
TWAP             |   1.6406 |   3.0803 |   5.4290 |   8.6166 |  45.5286 |    0.000
AC               |   1.6406 |   3.0800 |   5.4285 |   8.6158 |  45.5212 |    0.000
MaxSpeed         |   2.9973 |   1.1325 |   3.6471 |   4.1252 |  36.1669 |    1.000
DQN              |   2.9913 |   1.1470 |   3.6274 |   4.0835 |  22.3564 |    0.931
DDQN             |   2.7033 |   1.0987 |   3.5279 |   4.1611 |  30.9323 |    0.342
IQN-neutral      |   2.2138 |   1.5525 |   3.4350 |   4.3869 |  38.8405 |    0.000
IQN-CVaR_0.30    |   2.2196 |   1.5336 |   3.4646 |   4.4534 |  36.1327 |    0.000
IQN-CVaR_0.50    |   2.2180 |   1.6387 |   3.4898 |   4.5162 |  31.1764 |    0.000
IQN-CVaR_0.70    |   2.2211 |   1.5514 |   3.4902 |   4.5077 |  37.4125 |    0.000
IQN-CVaR_0.90    |   2.2190 |   1.4980 |   3.4660 |   4.4474 |  25.1438 |    0.000
IQN-CVaR_0.95    |   2.2298 |   1.4504 |   3.4413 |   4.4013 |  30.9808 |    0.000
