v2-Regime comparison (seed 123, cell σ_high=0.002 p01=0.05, 10000 eps)
Agent            |     Mean |      Std |   CVaR90 |   CVaR95 |      Max | cap-frac
----------------------------------------------------------------------------------
TWAP             |   1.6803 |   4.3146 |   8.1830 |  13.1885 |  47.7777 |    0.000
AC               |   1.6803 |   4.3141 |   8.1821 |  13.1870 |  47.7748 |    0.000
MaxSpeed         |   3.0176 |   1.7604 |   4.3581 |   5.5387 |  36.9950 |    1.000
DQN              |   2.8940 |   1.6608 |   4.3862 |   5.6923 |  33.3410 |    0.386
DDQN             |   2.6733 |   1.8376 |   4.2872 |   5.6748 |  38.3096 |    0.058
IQN-neutral      |   2.7485 |   1.7117 |   4.0632 |   5.1988 |  34.1580 |    0.000
IQN-CVaR_0.30    |   2.7172 |   1.5987 |   4.0313 |   5.1588 |  28.5791 |    0.000
IQN-CVaR_0.50    |   2.6880 |   1.6177 |   3.8988 |   4.9023 |  33.6163 |    0.000
IQN-CVaR_0.70    |   2.7215 |   1.7384 |   4.0327 |   5.1374 |  34.1580 |    0.000
IQN-CVaR_0.90    |   2.7426 |   1.5712 |   3.9794 |   5.0292 |  33.3967 |    0.000
IQN-CVaR_0.95    |   2.7630 |   1.6978 |   4.1254 |   5.3153 |  37.8852 |    0.000
